circle(13:29:56.7430,+47:12:30.416,0.06607')
-ellipse(13:29:55.7920,+47:12:16.936,0.13213',0.06607',45)
-box(13:29:54.5300,+47:12:04.569,0.26427',0.13213',45)
polygon(13:29:53.3940,+47:11:56.883,13:29:52.3570,+47:11:57.324,13:29:52.3140,+47:11:46.751,13:29:53.3510,+47:11:46.310)
annulus(13:29:58.2170,+47:12:14.075,0.03303',0.06607')
annulus(13:29:58.2170,+47:12:14.075,0.06607',0.09910')
point(13:29:59.5410,+47:12:01.444)
point(13:29:58.2930,+47:11:49.214)
point(13:29:57.1070,+47:11:38.640)
point(13:29:59.9710,+47:11:52.282)
point(13:29:58.8700,+47:11:42.234)
point(13:29:57.8070,+47:11:31.467)
point(13:29:59.5260,+47:11:34.378)
pie(13:29:55.6900,+47:11:25.359,0.00000',0.04955',0,90)
pie(13:29:55.6900,+47:11:25.359,0.00000',0.04955',90,180)
pie(13:29:55.6900,+47:11:25.359,0.00000',0.04955',180,270)
pie(13:29:55.6900,+47:11:25.359,0.04955',0.09910',0,90)
pie(13:29:55.6900,+47:11:25.359,0.04955',0.09910',90,180)
pie(13:29:55.6900,+47:11:25.359,0.04955',0.09910',180,270)
pie(13:29:56.8590,+47:11:11.814,0.00000',0.04955',51.5819,90)
pie(13:29:56.8590,+47:11:11.814,0.00000',0.04955',90,180)
pie(13:29:56.8590,+47:11:11.814,0.00000',0.04955',180,270)
pie(13:29:56.8590,+47:11:11.814,0.04955',0.09910',51.5819,90)
pie(13:29:56.8590,+47:11:11.814,0.04955',0.09910',90,180)
pie(13:29:56.8590,+47:11:11.814,0.04955',0.09910',180,270)
