circle(13:29:56.743,+47:12:30.416,0.06607')
-ellipse(13:29:55.792,+47:12:16.936,0.13213',0.06607',45)
-box(13:29:54.530,+47:12:04.569,0.26427',0.13213',45)
polygon(13:29:53.394,+47:11:56.883,13:29:52.357,+47:11:57.324,13:29:52.314,+47:11:46.751,13:29:53.351,+47:11:46.310)
annulus(13:29:58.217,+47:12:14.075,0.03303',0.06607')
annulus(13:29:58.217,+47:12:14.075,0.06607',0.09910')
point(13:29:59.541,+47:12:01.444)
point(13:29:58.293,+47:11:49.214)
point(13:29:57.107,+47:11:38.640)
point(13:29:59.971,+47:11:52.282)
point(13:29:58.870,+47:11:42.234)
point(13:29:57.807,+47:11:31.467)
point(13:29:59.526,+47:11:34.378)
pie(13:29:55.690,+47:11:25.359,0',0.049550008',0,90)
pie(13:29:55.690,+47:11:25.359,0',0.049550008',90,180)
pie(13:29:55.690,+47:11:25.359,0',0.049550008',180,270)
pie(13:29:55.690,+47:11:25.359,0.049550008',0.099100017',0,90)
pie(13:29:55.690,+47:11:25.359,0.049550008',0.099100017',90,180)
pie(13:29:55.690,+47:11:25.359,0.049550008',0.099100017',180,270)
pie(13:29:56.859,+47:11:11.814,0',0.049550008',51.5819,90)
pie(13:29:56.859,+47:11:11.814,0',0.049550008',90,180)
pie(13:29:56.859,+47:11:11.814,0',0.049550008',180,270)
pie(13:29:56.859,+47:11:11.814,0.049550008',0.099100017',51.5819,90)
pie(13:29:56.859,+47:11:11.814,0.049550008',0.099100017',90,180)
pie(13:29:56.859,+47:11:11.814,0.049550008',0.099100017',180,270)
